# Trouble in Terrorist Town weapon/ammo placement overrides
# For map: ttt_favela
# Exported by: professor moretzsohn
setting:	replacespawns 1
weapon_ttt_smokegrenade	-2110.928223 1159.183105 -53.688164	7.940 -95.594 -95.493
weapon_ttt_smokegrenade	-2137.987549 1175.507446 -51.001778	20.032 -94.935 -93.551
weapon_ttt_smokegrenade	-2151.309570 1217.312134 -48.429321	2.967 -136.437 -94.333
weapon_ttt_smokegrenade	-2115.418701 1161.706055 -53.120388	-46.056 -65.331 -91.326
weapon_ttt_smokegrenade	-2123.850342 1171.251343 -52.272625	15.185 -120.897 -95.585
weapon_ttt_smokegrenade	-2148.765137 1185.035278 -49.764507	20.386 -107.951 -95.156
weapon_ttt_smokegrenade	-2157.288330 1219.275513 -47.965321	56.854 50.935 49.522
weapon_ttt_smokegrenade	-2171.520264 1245.181885 -45.958794	6.327 -120.286 -94.865
weapon_ttt_smokegrenade	-2195.257080 1279.208984 -42.923222	24.949 75.496 94.864
weapon_ttt_smokegrenade	-2183.560059 1312.266479 -42.562096	24.850 68.590 94.715
weapon_ttt_smokegrenade	-2160.700195 1325.917114 -43.772099	20.131 -112.829 -94.177
weapon_ttt_smokegrenade	-2124.970459 1349.736694 -44.686226	2.614 -106.018 -94.068
weapon_ttt_smokegrenade	-2094.288574 1361.140747 -45.354221	23.539 73.780 95.240
weapon_ttt_smokegrenade	-2048.333496 1361.551758 -47.111553	26.307 38.403 95.409
weapon_ttt_smokegrenade	-2029.854248 1339.420898 -49.397076	23.023 38.986 94.871
weapon_ttt_smokegrenade	-2000.072021 1351.130005 -50.339977	10.341 39.529 68.071
weapon_ttt_smokegrenade	-1979.612915 1372.158325 -49.080914	22.411 36.428 95.051
weapon_ttt_smokegrenade	-1954.006226 1366.470215 -49.821369	21.710 36.402 95.224
weapon_ttt_smokegrenade	-1925.084473 1346.907593 -52.867241	-66.905 -130.609 -108.218
weapon_ttt_smokegrenade	-1917.516602 1314.671997 -56.848248	26.501 14.589 95.727
weapon_ttt_smokegrenade	-1907.993652 1284.044434 -59.497803	20.060 49.092 94.285
weapon_ttt_smokegrenade	-1919.461182 1258.614380 -61.489796	20.168 -138.134 -95.146
weapon_ttt_smokegrenade	-1924.043701 1224.191284 -63.904869	24.056 -87.763 -92.720
weapon_ttt_smokegrenade	-1925.681152 1185.734741 -66.294815	-28.912 72.500 94.652
weapon_ttt_smokegrenade	-1953.818115 1163.265869 -65.649170	22.824 52.879 97.302
weapon_ttt_smokegrenade	-1945.404907 1157.464478 -66.794106	-64.437 -102.277 -105.918
weapon_ttt_smokegrenade	-1927.777100 1171.628540 -67.063553	-49.549 71.159 99.746
weapon_ttt_smokegrenade	-1911.940918 1195.536865 -67.326332	27.172 -85.060 -95.454
weapon_ttt_smokegrenade	-1919.381714 1234.690063 -62.966644	23.393 27.303 95.124
weapon_ttt_smokegrenade	-1919.672241 1277.176636 -60.078236	21.151 -136.875 -94.985
weapon_ttt_smokegrenade	-1921.102905 1308.671631 -56.966694	-49.070 27.031 97.025
weapon_ttt_smokegrenade	-1931.206421 1339.545044 -52.398998	79.688 129.070 -174.801
weapon_ttt_smokegrenade	-1951.937622 1372.100464 -49.743961	-45.060 -127.419 -91.697
weapon_ttt_smokegrenade	-1994.838135 1374.213745 -49.118149	-46.353 -138.560 -92.682
weapon_ttt_smokegrenade	-2022.076660 1370.797974 -47.737331	25.991 39.920 95.777
weapon_ttt_smokegrenade	-2062.026123 1357.720215 -46.788548	-69.410 -134.396 -101.203
weapon_ttt_smokegrenade	-2108.822510 1339.364380 -45.678471	-29.379 101.228 90.039
weapon_ttt_smokegrenade	-2148.308105 1327.242798 -44.096195	30.928 86.454 84.386
weapon_ttt_smokegrenade	-2184.849365 1315.680298 -42.655602	-28.354 -56.826 -91.746
weapon_ttt_smokegrenade	-2192.761963 1265.913452 -43.419647	24.931 76.513 95.631
weapon_ttt_smokegrenade	-2182.413574 1232.339966 -45.637329	20.176 -105.075 -95.194
weapon_ttt_smokegrenade	-1063.409546 -1785.615967 1.498110	17.955 55.972 -89.050
weapon_ttt_smokegrenade	-1008.770447 -1979.175537 256.188934	-1.326 -1.461 -0.953
weapon_ttt_smokegrenade	10.584764 930.276550 -892.893494	85.923 -155.628 -155.677
weapon_ttt_smokegrenade	590.954163 -250.185608 -813.509521	17.407 37.507 -88.974
ttt_random_weapon	750.935242 -615.955261 -566.785217	1.709 4.925 -92.978
ttt_random_weapon	743.896179 -594.442322 -566.373169	-1.895 -7.740 84.493
ttt_random_weapon	743.393860 -546.112610 -566.796753	1.183 4.482 -93.456
ttt_random_weapon	-843.666321 -2265.030273 257.156158	2.354 6.217 -91.547
ttt_random_weapon	-909.365723 -2264.220459 257.230560	1.530 4.981 -93.387
ttt_random_weapon	-984.379883 -2262.754883 257.238922	1.435 4.965 -93.604
ttt_random_weapon	-807.454773 -1891.794312 257.224731	1.596 4.987 -93.236
ttt_random_weapon	-805.350342 -1946.777588 257.218811	1.663 4.987 -93.083
ttt_random_weapon	-803.520447 -1994.737183 257.231079	1.524 4.980 -93.401
ttt_random_weapon	-919.822693 -1582.156982 257.218353	1.668 4.987 -93.071
ttt_random_weapon	-190.915329 -2184.904053 17.204140	2.535 3.246 -91.371
ttt_random_weapon	-266.590790 -2190.476563 17.331301	2.398 3.539 -91.336
ttt_random_weapon	-262.408234 -2130.865967 17.667645	2.564 4.850 -92.675
ttt_random_weapon	-204.112534 -2106.752930 17.109627	1.974 3.936 -93.732
ttt_random_weapon	-197.793350 -2141.732178 17.432098	2.846 3.071 -92.775
ttt_random_weapon	-314.359528 -2068.447021 17.519600	2.305 2.928 -93.150
ttt_random_weapon	-366.970886 -2041.623901 17.913239	2.452 4.965 -93.426
ttt_random_weapon	-298.821960 -1993.987549 17.677589	0.562 3.623 -91.325
ttt_random_weapon	-275.018860 -1956.908691 18.538099	1.846 2.453 -94.219
ttt_random_weapon	-225.696701 -1967.739380 17.784393	2.176 4.171 -91.872
ttt_random_weapon	-219.485779 -2009.374878 17.636700	0.697 4.678 -95.025
ttt_random_weapon	-187.761230 -2049.083496 17.423500	2.161 4.239 -92.398
ttt_random_weapon	893.580627 -552.010742 -728.765869	1.490 4.752 -93.480
ttt_random_weapon	890.649902 -576.822388 -728.793335	1.800 4.775 -92.769
ttt_random_weapon	895.887024 -598.227661 -728.798645	1.860 4.779 -92.631
ttt_random_weapon	690.758606 -723.998291 -766.804443	1.925 4.924 -92.483
ttt_random_weapon	691.559387 -691.264648 -766.781921	1.671 4.924 -93.065
ttt_random_weapon	692.593140 -649.275085 -766.775085	1.594 4.919 -93.241
ttt_random_weapon	693.627502 -607.285889 -766.768799	1.523 4.914 -93.404
ttt_random_weapon	694.369324 -577.299927 -766.782837	1.681 4.924 -93.041
ttt_random_weapon	895.584595 -424.306030 -792.807190	1.956 4.786 -92.413
ttt_random_weapon	956.783447 -422.789856 -792.786499	1.722 4.770 -92.947
ttt_random_weapon	1012.577393 -421.675049 -792.812378	2.015 4.791 -92.276
ttt_random_weapon	1072.857788 -420.454285 -792.774536	1.588 4.760 -93.255
ttt_random_weapon	1129.672729 -419.016144 -792.795959	1.829 4.777 -92.702
ttt_random_weapon	665.438782 -133.180984 -813.789734	1.759 4.707 -92.863
ttt_random_weapon	667.204407 -114.384552 -813.815613	2.051 5.379 -92.194
ttt_random_weapon	465.323883 632.074951 -957.793945	1.807 4.712 -92.754
ttt_random_weapon	97.695038 927.429504 -894.793762	1.805 4.928 -92.759
ttt_random_weapon	-1480.047363 1709.462036 6.190616	1.266 3.289 -94.163
ttt_random_weapon	-1478.488403 1694.516113 6.200161	1.331 4.833 -94.242
ttt_random_weapon	-1347.619995 1671.255493 6.198958	1.298 4.401 -93.904
ttt_random_weapon	-1347.087769 1691.547119 6.061021	2.451 3.253 -91.900
ttt_random_weapon	-1466.722900 1458.290649 38.163708	1.011 4.393 -94.985
ttt_random_weapon	-1413.055176 1261.959351 57.223827	1.606 4.920 -93.213
ttt_random_weapon	-1356.751343 1262.506226 57.193134	1.952 4.926 -92.420
ttt_random_weapon	-1299.159180 1261.760010 57.200867	1.865 4.929 -92.619
ttt_random_weapon	-1291.425171 1236.222046 57.238270	1.443 4.905 -93.587
ttt_random_weapon	-1351.875366 1234.992432 57.219868	1.651 4.923 -93.110
ttt_random_weapon	-1402.144409 1232.405762 57.213207	1.726 4.926 -92.938
ttt_random_weapon	-1392.786499 1054.926147 34.749966	-2.263 -8.635 85.333
ttt_random_weapon	-1472.591919 1046.817749 34.223072	2.177 5.135 -91.926
ttt_random_weapon	-1494.099609 1054.260620 34.300301	1.341 8.254 -93.841
ttt_random_weapon	-1497.692383 1051.255127 73.130379	1.540 4.210 -92.358
ttt_random_weapon	-1471.202637 1050.356934 74.474915	3.216 -4.967 86.884
ttt_random_weapon	-1466.394653 1056.034180 98.124001	2.156 4.818 -91.974
ttt_random_weapon	-1491.274902 1047.044189 98.200211	1.341 3.972 -93.841
ttt_random_weapon	-1417.497314 1053.396240 98.161346	1.269 5.779 -93.826
ttt_random_weapon	-1399.288086 1046.729004 98.173790	1.299 5.859 -93.834
ttt_random_weapon	-1419.597290 1049.851807 73.081551	1.268 12.480 -93.833
ttt_random_weapon	-1400.645752 1045.602417 73.571991	-2.336 -0.256 85.331
ttt_random_weapon	-1473.137451 1049.692383 12.593493	1.341 4.724 -93.841
ttt_random_weapon	-1492.266846 1055.824219 13.614207	-0.611 -4.015 -109.786
ttt_random_weapon	-1423.753540 1054.668457 12.477390	2.106 2.597 -91.907
ttt_random_weapon	-1404.583496 1047.071289 12.560168	1.327 4.248 -93.644
ttt_random_weapon	-1420.437256 1039.962891 34.293468	1.367 5.972 -93.840
ttt_random_weapon	-1595.770020 529.990234 -126.778885	1.637 4.922 -93.143
ttt_random_weapon	-1707.706543 533.347351 -126.787865	1.738 4.926 -92.910
ttt_random_weapon	-2276.211426 620.674500 -126.802849	1.907 4.928 -92.523
ttt_random_weapon	-2286.125977 -232.831070 -126.784744	1.703 4.926 -92.991
ttt_random_weapon	-2267.423584 -379.081329 -126.785751	1.715 4.926 -92.965
ttt_random_weapon	-2270.204590 -342.963348 -126.792496	1.791 4.928 -92.791
ttt_random_weapon	-2027.075195 -918.390015 -137.957825	4.822 7.340 -95.184
ttt_random_weapon	-1943.091553 -1009.955322 -103.674461	9.232 7.136 97.731
ttt_random_weapon	-1903.484009 -1286.558594 -30.785749	1.715 4.926 -92.965
ttt_random_weapon	-1059.582031 -1668.752686 1.201579	1.857 4.928 -92.638
ttt_random_weapon	-1059.471924 -1739.184814 1.226911	1.571 4.917 -93.293
ttt_random_weapon	-1367.936035 -1254.010376 -131.893723	-0.193 4.784 -89.086
ttt_random_weapon	2265.676514 1318.945557 -1214.769653	1.532 4.913 -93.383
ttt_random_weapon	2265.679932 1368.987671 -1214.765625	1.487 4.909 -93.487
ttt_random_weapon	2265.660645 1410.991211 -1214.771851	1.558 4.915 -93.324
ttt_random_weapon	2265.460693 1458.980225 -1214.797729	1.850 4.927 -92.655
ttt_random_weapon	2265.206299 1506.978149 -1214.800659	1.882 4.925 -92.581
ttt_random_weapon	2264.976074 1548.982056 -1214.794434	1.812 4.927 -92.741
ttt_random_weapon	2264.712158 1596.988770 -1214.778931	1.637 4.921 -93.142
ttt_random_weapon	2264.478760 1639.020874 -1214.810059	1.868 4.448 -92.476
ttt_random_weapon	2264.273193 1677.981201 -1214.796387	1.834 4.929 -92.690
ttt_random_weapon	1240.401367 2022.691895 -1099.630615	1.882 4.925 -92.581
ttt_random_weapon	1241.013550 1985.966064 -1099.601807	1.558 4.915 -93.324
ttt_random_weapon	872.506592 2077.929443 -922.614868	1.873 4.930 -92.601
ttt_random_weapon	871.596680 2135.253906 -922.622681	1.962 4.928 -92.398
ttt_random_weapon	305.225769 2209.659424 -734.783752	1.692 4.924 -93.016
ttt_random_weapon	306.251190 2242.703125 -734.789490	1.757 4.927 -92.867
ttt_random_weapon	307.706451 2276.470703 -734.780945	1.661 4.923 -93.088
ttt_random_weapon	-231.429428 2097.476563 -590.802856	1.907 4.928 -92.523
ttt_random_weapon	-44.580307 1625.374512 -758.804382	1.925 4.924 -92.483
ttt_random_weapon	-101.766144 1625.760010 -758.793701	1.805 4.927 -92.758
ttt_random_weapon	-168.095856 1626.209106 -758.770386	1.541 4.915 -93.362
ttt_random_weapon	571.658508 173.643982 -1054.792480	1.791 4.928 -92.791
ttt_random_weapon	655.087158 173.472122 -1054.777222	1.619 4.920 -93.183
ttt_random_weapon	736.804138 173.300781 -1054.782837	1.681 4.924 -93.041
ttt_random_weapon	970.638000 -1875.388672 137.221741	1.630 4.989 -93.159
ttt_random_weapon	913.750854 -1878.950562 137.217911	1.673 4.988 -93.059
ttt_random_weapon	844.861938 -1883.173706 137.236603	1.462 4.970 -93.544
ttt_random_weapon	-1460.332397 -2529.178467 101.038963	26.190 0.445 -99.009
ttt_random_weapon	-1488.742554 -2362.253418 102.565308	0.107 6.046 -96.959
ttt_random_weapon	-1405.091919 -2336.574463 88.063774	13.345 11.579 80.294
ttt_random_weapon	-1054.474854 -2346.680176 105.214752	1.709 4.925 -92.978
ttt_random_weapon	-704.271179 -1659.307739 -204.325455	4.940 6.801 63.451
ttt_random_weapon	-343.338409 -1575.674805 -229.603897	11.205 2.857 -89.158
ttt_random_weapon	-274.846039 -1587.753906 -244.875519	16.835 -17.442 87.543
ttt_random_weapon	489.680847 -1632.255981 -254.788971	1.751 4.927 -92.882
ttt_random_weapon	322.694000 -2430.714111 12.029813	-3.924 6.379 -95.058
ttt_random_weapon	314.920044 -2494.046875 9.950563	-0.662 -15.635 -92.247
ttt_random_weapon	309.696594 -2552.323242 5.357092	-4.106 -3.844 91.523
ttt_random_weapon	598.183655 -1222.801025 -448.804413	1.925 4.924 -92.483
ttt_random_weapon	712.722168 -1221.117188 -448.763519	1.463 4.908 -93.541
ttt_random_weapon	1853.363525 465.560730 -1289.116333	9.330 -10.284 87.558
ttt_random_weapon	1844.124634 409.140442 -1288.856079	10.935 -0.986 -95.527
ttt_random_weapon	1847.353760 374.733368 -1286.594727	9.862 4.724 -92.806
ttt_random_weapon	1838.535034 436.448944 -1288.534058	12.292 3.863 -93.407
ttt_random_weapon	1528.427734 1291.583008 -1165.766113	1.766 4.708 -92.847
ttt_random_weapon	1390.674927 819.435303 -1198.776733	1.613 4.987 -93.198
ttt_random_weapon	1332.128418 815.087524 -1198.773560	1.577 4.985 -93.280
ttt_random_weapon	1275.084229 812.281433 -1198.773560	1.577 4.985 -93.280
ttt_random_weapon	1213.270386 814.273926 -1198.774536	1.588 4.986 -93.254
ttt_random_weapon	1175.826782 1269.581299 -1198.776367	1.608 4.987 -93.208
ttt_random_weapon	1235.552490 1268.850586 -1198.767944	1.513 4.978 -93.426
ttt_random_weapon	313.246094 1875.545776 -894.805237	1.934 4.925 -92.462
ttt_random_weapon	393.440857 1878.796631 -894.791260	1.777 4.928 -92.822
ttt_random_weapon	455.158508 1879.015137 -894.780151	1.651 4.923 -93.110
ttt_random_weapon	442.697052 1843.914185 -894.784729	1.703 4.926 -92.991
ttt_random_weapon	382.308502 1841.303711 -894.782349	1.676 4.924 -93.053
ttt_random_weapon	323.887878 1839.820679 -894.797729	1.849 4.928 -92.656
ttt_random_weapon	305.400482 1785.308228 -894.773438	1.575 4.918 -93.284
ttt_random_weapon	361.603607 1785.284668 -894.768555	1.520 4.913 -93.410
ttt_random_weapon	403.594147 1786.389282 -894.800598	1.882 4.926 -92.582
ttt_random_weapon	460.611908 1788.141968 -894.793091	1.798 4.929 -92.775
ttt_random_weapon	-1660.958740 27.546408 1.197148	1.907 4.928 -92.523
ttt_random_weapon	-1720.388306 27.666092 1.194777	1.934 4.924 -92.462
ttt_random_weapon	-1760.877808 27.756603 1.206888	1.798 4.929 -92.775
ttt_random_weapon	-1184.326904 744.649414 -126.777863	1.625 4.988 -93.169
ttt_random_weapon	-1125.414429 745.985291 -126.782097	1.673 4.988 -93.059
ttt_random_weapon	-1124.655518 719.614136 -126.765068	1.481 4.973 -93.500
ttt_random_weapon	-1183.446411 720.200623 -126.779068	1.639 4.988 -93.138
ttt_random_weapon	-807.147461 470.042786 -126.762894	1.456 4.970 -93.557
ttt_random_weapon	-806.663269 446.521820 -126.781197	1.663 4.987 -93.083
ttt_random_weapon	-420.532928 676.419434 -254.780319	1.653 4.984 -93.105
ttt_random_weapon	-421.541016 720.465515 -254.773239	1.573 4.985 -93.289
ttt_random_weapon	-289.527252 1188.446533 -366.786469	1.723 4.982 -92.945
item_ammo_smg1_ttt	460.334869 -2285.801758 256.542480	0.563 0.430 0.518
item_ammo_smg1_ttt	447.695862 -2285.750000 256.511841	-0.957 0.359 -0.286
weapon_ttt_m16	825.913086 -2276.728516 136.879562	1.713 -5.188 84.211
item_box_buckshot_ttt	693.471558 -2287.706787 256.470581	-0.452 0.022 -0.816
item_box_buckshot_ttt	701.724915 -2287.629150 256.443512	-0.744 0.033 -1.343
ttt_random_ammo	708.086853 -530.803101 -567.538452	-0.800 -0.013 1.192
ttt_random_ammo	708.014282 -565.851929 -567.503723	-1.398 -0.041 1.964
ttt_random_ammo	707.880493 -545.112000 -567.537598	-0.047 6.254 0.913
ttt_random_ammo	-894.676697 -2066.595459 256.343079	-0.048 -0.000 -0.021
ttt_random_ammo	-863.196106 -2064.600586 256.435333	-1.426 -0.031 1.692
ttt_random_ammo	-997.667786 -2064.000977 256.335999	-0.047 -0.000 -0.027
ttt_random_ammo	-997.704773 -2083.217285 256.345367	-0.049 -0.000 -0.019
ttt_random_ammo	-997.763977 -2113.216553 256.358459	-0.060 -0.000 0.001
ttt_random_ammo	-997.820740 -2144.713623 256.461517	-1.144 -0.029 1.390
ttt_random_ammo	-997.903137 -2186.712646 256.476654	-0.658 -0.021 0.801
ttt_random_ammo	-802.199219 -2024.005737 256.390686	0.553 -0.004 -0.618
ttt_random_ammo	-800.646057 -1965.274292 256.367310	0.085 0.000 0.036
ttt_random_ammo	-802.323975 -1918.027710 256.449219	1.018 -0.027 -1.239
ttt_random_ammo	-940.228516 -1557.515015 256.402222	-0.650 -0.006 0.736
ttt_random_ammo	-911.322693 -1558.051392 256.335999	-0.047 -0.000 -0.027
ttt_random_ammo	-78.527946 -2142.867432 17.212698	1.246 -0.335 0.478
ttt_random_ammo	-78.553146 -2115.372803 17.558203	1.336 -0.474 0.138
ttt_random_ammo	-78.554688 -2083.568848 17.424692	-0.005 -0.258 -1.926
ttt_random_ammo	-78.754333 -2050.552734 16.477594	0.008 -0.832 -1.878
ttt_random_ammo	-79.129219 -2014.457275 16.694578	0.065 0.181 1.215
ttt_random_ammo	-79.560722 -1978.534790 17.433573	0.397 0.028 -0.936
ttt_random_ammo	-79.951584 -1945.719604 16.906206	-1.225 0.015 -1.426
ttt_random_ammo	-118.198013 -2134.458008 17.184719	-1.148 0.214 0.494
ttt_random_ammo	-117.326576 -2101.673584 17.162329	-2.971 0.130 -0.031
ttt_random_ammo	-116.449615 -2066.667236 17.014643	0.071 -0.841 -1.850
ttt_random_ammo	-115.911621 -2030.784302 16.449200	0.117 0.228 1.217
ttt_random_ammo	-115.522423 -1994.756958 17.056444	0.715 0.012 2.025
ttt_random_ammo	-115.258507 -1958.520264 17.265572	-0.570 -0.268 0.247
ttt_random_ammo	851.257568 -660.597107 -767.660034	0.047 0.000 -0.023
ttt_random_ammo	850.917664 -624.038757 -767.662354	0.047 0.000 -0.025
ttt_random_ammo	851.971924 -590.913879 -767.636536	0.071 0.000 0.018
ttt_random_ammo	853.264587 -557.938965 -767.664795	0.046 0.000 -0.027
ttt_random_ammo	738.046814 -569.602051 -767.605896	0.956 0.011 1.109
ttt_random_ammo	737.047363 -605.200623 -767.561707	1.251 0.031 1.519
ttt_random_ammo	736.616577 -638.199463 -767.619019	0.191 0.001 0.173
ttt_random_ammo	735.828735 -675.056213 -767.559204	1.196 0.030 1.451
ttt_random_ammo	736.001221 -707.991760 -767.642517	0.060 0.000 0.001
ttt_random_ammo	889.856567 -344.544067 -830.542603	-0.891 -0.024 1.057
ttt_random_ammo	919.275879 -344.149841 -830.633301	-0.078 -0.000 0.028
ttt_random_ammo	958.271606 -343.616608 -830.639404	-0.064 -0.000 0.007
ttt_random_ammo	994.268494 -343.125092 -830.656860	-0.048 -0.000 -0.021
ttt_random_ammo	1033.267700 -342.587036 -830.597900	-0.634 -0.005 0.716
ttt_random_ammo	1069.266235 -342.095642 -830.542908	-1.291 -0.032 1.567
ttt_random_ammo	1108.249146 -341.560181 -830.622253	0.153 -0.001 -0.125
ttt_random_ammo	1138.247070 -341.148834 -830.659912	0.047 -0.000 0.023
ttt_random_ammo	698.390869 -110.095787 -815.558411	1.178 0.030 1.429
ttt_random_ammo	697.221191 -133.819824 -815.630859	0.091 0.000 0.045
ttt_random_ammo	493.640503 560.346130 -958.620605	0.172 0.001 0.149
ttt_random_ammo	493.714752 539.859680 -958.638489	0.067 0.000 0.012
ttt_random_ammo	473.308716 538.364563 -958.636536	0.072 0.000 0.019
ttt_random_ammo	85.986816 948.260986 -895.557556	1.160 0.029 1.408
ttt_random_ammo	111.843468 947.806702 -895.662354	0.047 0.000 -0.025
ttt_random_ammo	-1045.909424 1121.303101 0.353344	0.055 0.000 -0.007
ttt_random_ammo	-1046.124512 1100.325317 0.380989	0.192 0.001 0.173
ttt_random_ammo	-1043.420654 1082.753662 0.377723	0.152 -0.001 -0.124
ttt_random_ammo	-1073.050537 1094.338867 0.418534	1.641 -0.037 -1.991
ttt_random_ammo	-1073.418579 1122.474487 0.387928	0.364 0.002 0.386
ttt_random_ammo	-1073.868408 1158.468628 0.344583	0.049 0.000 -0.019
ttt_random_ammo	-1074.306885 1194.465698 0.431046	1.412 0.033 1.715
ttt_random_ammo	-1118.907471 1204.140015 0.415935	1.712 0.035 2.076
ttt_random_ammo	-1118.953735 1176.028442 0.430073	1.434 0.033 1.740
ttt_random_ammo	-1118.960083 1143.027344 0.393615	1.425 -0.024 -1.681
ttt_random_ammo	-1118.951172 1110.032471 0.382493	0.217 0.001 0.205
ttt_random_ammo	-1118.949951 1078.530884 0.342305	0.048 0.000 -0.021
ttt_random_ammo	-1162.470581 1080.538818 0.361528	0.067 -0.000 -0.012
ttt_random_ammo	-1162.030884 1118.194824 0.385098	0.280 -0.001 -0.284
ttt_random_ammo	-1161.521729 1151.766357 0.330357	0.046 0.000 -0.029
ttt_random_ammo	-1161.325928 1187.770874 0.335247	0.047 0.000 -0.027
ttt_random_ammo	-1161.897217 1225.880493 0.394102	0.962 0.012 1.117
ttt_random_ammo	-1204.339111 1224.528931 0.357509	0.060 0.000 0.001
ttt_random_ammo	-1206.449585 1184.552979 0.458988	0.795 0.023 0.965
ttt_random_ammo	-1203.446533 1149.258789 0.367313	0.083 0.000 0.035
ttt_random_ammo	-1204.206177 1121.134033 0.353343	0.055 0.000 -0.007
ttt_random_ammo	-1205.783203 1073.954224 0.411633	1.764 -0.030 -2.138
ttt_random_ammo	-1205.652710 1040.416748 0.380852	0.191 -0.001 -0.173
ttt_random_ammo	-1048.931519 1260.403442 60.497070	6.842 2.429 0.245
ttt_random_ammo	-1045.912842 1207.917725 3.619761	-89.011 178.692 89.633
ttt_random_ammo	-1078.763794 1239.043701 62.160614	1.011 0.354 4.937
ttt_random_ammo	-1091.889526 1251.552368 62.685497	-0.113 0.004 0.555
ttt_random_ammo	-1077.046875 1265.505737 62.238914	3.761 -1.682 -4.488
ttt_random_ammo	-1112.002808 1237.623169 62.210827	0.128 -0.806 2.085
ttt_random_ammo	-1115.732544 1262.562378 62.668903	-0.076 0.004 0.664
ttt_random_ammo	-1038.102661 1178.629028 76.172203	0.473 0.003 0.523
ttt_random_ammo	-1039.990723 1157.580078 76.124390	0.044 0.000 -0.025
ttt_random_ammo	-1122.619385 1041.052856 33.544353	-0.001 -0.364 0.000
ttt_random_ammo	-1145.609985 1039.831543 33.543827	-0.001 -0.741 0.000
ttt_random_ammo	-1147.165649 1051.715698 11.840140	-0.001 -0.516 0.000
ttt_random_ammo	-1113.449707 1047.959229 14.104288	-0.001 68.917 89.999
ttt_random_ammo	-1075.209351 1045.225830 11.831711	-0.002 0.627 0.002
ttt_random_ammo	-1045.977783 1048.429688 14.094740	89.997 104.828 180.000
ttt_random_ammo	-1027.327271 1049.990234 11.800365	1.510 9.688 -1.298
ttt_random_ammo	-1033.378540 1040.110107 33.536732	-0.002 -1.284 0.002
ttt_random_ammo	-1059.124146 1040.482178 33.535835	-0.002 0.249 0.002
ttt_random_ammo	-1075.843872 1040.702759 33.535252	-0.002 0.259 0.002
ttt_random_ammo	-1074.838013 1044.607544 72.359306	-0.002 2.083 0.002
ttt_random_ammo	-1051.320435 1044.070068 72.356667	0.467 -0.074 0.569
ttt_random_ammo	-1032.567749 1043.512939 72.358803	0.033 -0.011 0.002
ttt_random_ammo	-1032.897705 1047.292480 97.404900	0.181 -0.193 -0.110
ttt_random_ammo	-1047.348877 1047.216187 97.381622	0.394 0.025 0.436
ttt_random_ammo	-1068.405518 1047.039795 97.353127	0.464 -0.009 -0.861
ttt_random_ammo	-1121.383667 1042.955688 97.444420	-0.001 -0.933 -0.004
ttt_random_ammo	-1141.249268 1044.012207 97.442535	-0.042 0.331 0.000
ttt_random_ammo	-1155.426270 1044.619141 97.438103	-0.263 0.113 0.308
ttt_random_ammo	-1117.794678 1038.407837 72.349556	0.123 -0.842 -0.240
ttt_random_ammo	-1134.017456 1039.240112 72.333626	-0.255 -0.009 0.342
ttt_random_ammo	-1150.730469 1038.795410 72.310181	0.270 0.004 0.304
ttt_random_ammo	-1642.385010 527.026367 -127.635368	-0.072 -0.000 0.019
ttt_random_ammo	-1678.127441 527.967773 -127.629402	-0.091 -0.000 0.045
ttt_random_ammo	-1658.807983 545.684570 -127.654648	-0.049 -0.000 -0.019
ttt_random_ammo	-2286.433105 670.251526 -127.627243	0.109 0.000 0.068
ttt_random_ammo	-2271.213623 657.761475 -127.557571	1.123 -0.029 -1.362
ttt_random_ammo	-2268.877686 681.281189 -127.636505	0.072 0.000 0.019
ttt_random_ammo	-2291.687988 -209.353653 -127.657692	0.048 0.000 -0.021
ttt_random_ammo	-2267.511963 -216.136856 -127.634575	0.077 0.000 0.026
ttt_random_ammo	-2272.916260 -198.252426 -127.578415	1.587 0.042 1.923
ttt_random_ammo	-2285.117676 -483.251495 -127.650963	0.051 0.000 -0.014
ttt_random_ammo	-2283.430908 -446.610565 -127.636505	0.072 0.000 0.019
ttt_random_ammo	-2251.601318 -465.179077 -127.557068	1.059 0.027 1.275
ttt_random_ammo	-2035.663086 -860.829834 -144.849640	0.632 -0.677 -7.551
ttt_random_ammo	-2020.028442 -863.049500 -145.020966	1.938 -1.860 -9.228
ttt_random_ammo	-1915.515137 -1267.007324 -31.534277	-0.964 -0.026 1.169
ttt_random_ammo	-1896.493774 -1267.027344 -31.616030	-0.188 -0.001 0.169
ttt_random_ammo	-1039.907959 -1705.269653 0.355446	0.057 0.000 -0.004
ttt_random_ammo	-1066.406006 -1706.208740 0.351206	0.053 0.000 -0.011
ttt_random_ammo	-1370.570557 -1234.773682 -131.930161	-1.550 -0.486 3.244
ttt_random_ammo	-1357.697021 -1232.297241 -131.411987	-1.603 -0.559 2.371
ttt_random_ammo	2209.579102 1671.169067 -1215.664795	0.046 0.000 -0.027
ttt_random_ammo	2211.566162 1631.634766 -1215.630859	0.090 0.000 0.044
ttt_random_ammo	2213.649170 1589.689453 -1215.572510	1.368 0.032 1.648
ttt_random_ammo	2215.743896 1547.737549 -1215.674683	0.047 0.000 -0.032
ttt_random_ammo	2217.983643 1502.794800 -1215.636475	0.071 0.000 0.018
ttt_random_ammo	2219.979980 1463.846436 -1215.642456	0.060 0.000 0.001
ttt_random_ammo	2222.157227 1421.902832 -1215.642456	0.059 0.000 0.001
ttt_random_ammo	2224.333496 1379.963501 -1215.568726	1.361 0.033 1.648
ttt_random_ammo	2226.366455 1341.012939 -1215.616089	0.246 0.001 0.242
ttt_random_ammo	2228.549805 1299.070190 -1215.612061	0.357 0.002 0.378
ttt_random_ammo	1284.235229 1977.530518 -1100.507202	0.047 0.000 -0.033
ttt_random_ammo	1283.619629 2005.905762 -1100.458984	0.100 0.000 0.057
ttt_random_ammo	1282.927124 2032.868652 -1100.437012	0.718 0.007 0.820
ttt_random_ammo	862.254150 2108.838135 -923.449585	0.077 -0.000 -0.026
ttt_random_ammo	883.245239 2108.801514 -923.468201	0.050 0.000 -0.017
ttt_random_ammo	314.232635 2151.116699 -735.614563	0.274 0.001 0.276
ttt_random_ammo	314.249969 2115.666016 -735.554016	1.074 0.028 1.302
ttt_random_ammo	314.834473 2073.663086 -735.630798	0.090 0.000 0.044
ttt_random_ammo	-231.901779 2128.101318 -591.576965	1.544 -0.037 -1.874
ttt_random_ammo	-214.051147 2128.062256 -591.608704	0.540 0.004 0.602
ttt_random_ammo	-213.988358 2148.654053 -591.646606	0.055 0.000 -0.007
ttt_random_ammo	-163.816223 1588.841919 -759.635315	-0.072 -0.000 0.019
ttt_random_ammo	-101.437271 1589.060913 -759.625488	0.122 0.000 0.086
ttt_random_ammo	-41.520206 1587.066406 -759.634521	0.076 -0.000 -0.026
ttt_random_ammo	722.341919 142.646393 -1055.582764	1.665 -0.036 -2.019
ttt_random_ammo	682.585083 144.033920 -1055.595581	-0.733 -0.007 0.838
ttt_random_ammo	647.150940 144.007950 -1055.676514	-0.047 -0.000 -0.033
ttt_random_ammo	605.149353 144.008469 -1055.631348	-0.084 -0.000 0.035
ttt_random_ammo	560.147339 144.008438 -1055.635376	-0.071 -0.000 0.018
ttt_random_ammo	1592.063843 705.806335 -995.328796	-0.211 -0.001 0.199
ttt_random_ammo	1621.382080 705.196533 -995.381104	-0.046 -0.000 -0.028
ttt_random_ammo	1649.485107 704.825317 -995.346069	-0.084 -0.000 0.036
ttt_random_ammo	984.964905 -1812.632813 136.351227	0.053 0.000 -0.011
ttt_random_ammo	944.846069 -1813.258789 136.432098	1.444 0.034 1.758
ttt_random_ammo	902.771912 -1811.864502 136.353363	0.055 0.000 -0.007
ttt_random_ammo	857.819885 -1811.666260 136.332840	0.047 0.000 -0.028
ttt_random_ammo	818.846680 -1812.523071 136.327881	0.047 0.000 -0.031
ttt_random_ammo	816.096619 -1837.186401 136.327881	0.047 0.000 -0.031
ttt_random_ammo	857.148926 -1836.244751 136.464417	0.686 0.022 0.833
ttt_random_ammo	898.941040 -1835.005127 136.332840	0.047 0.000 -0.028
ttt_random_ammo	937.944214 -1834.917480 136.335266	0.047 0.000 -0.027
ttt_random_ammo	976.943237 -1834.899658 136.372757	0.112 0.000 0.072
ttt_random_ammo	-1478.363647 -2452.968262 96.711555	11.095 -34.474 -110.463
ttt_random_ammo	-1445.189209 -2466.363525 88.675087	11.320 2.200 -4.770
ttt_random_ammo	-1450.542847 -2420.364990 91.669487	6.972 11.896 105.352
ttt_random_ammo	-1434.631714 -2419.661133 88.947205	7.442 9.693 104.347
ttt_random_ammo	-1076.615723 -2320.201660 104.474533	-0.682 -0.022 0.827
ttt_random_ammo	-1045.221924 -2321.186523 104.393044	0.707 0.007 0.806
ttt_random_ammo	-689.385925 -1731.739990 -190.356674	5.071 -1.695 -94.500
ttt_random_ammo	-739.119385 -1753.563232 -183.775375	-0.894 -2.424 -99.319
ttt_random_ammo	-297.707031 -1538.733521 -251.206131	1.879 -0.203 -0.214
ttt_random_ammo	-342.826935 -1538.674072 -244.837906	8.187 -0.004 -0.050
ttt_random_ammo	-310.395691 -1538.697021 -248.121277	52.585 0.140 0.045
ttt_random_ammo	-361.606689 -1538.602051 -240.067886	81.684 180.000 -179.376
ttt_random_ammo	503.723938 -1667.216309 -255.622177	0.152 0.001 0.124
ttt_random_ammo	482.021088 -1668.068848 -255.655411	0.048 0.000 -0.019
ttt_random_ammo	257.493927 -2451.319092 9.884770	-1.099 -0.168 2.192
ttt_random_ammo	259.112976 -2503.066895 8.006013	-0.592 -0.993 6.260
ttt_random_ammo	252.692841 -2543.916504 4.622116	-2.577 -1.438 5.556
ttt_random_ammo	229.176193 -2512.043945 6.088715	0.394 -0.653 3.901
ttt_random_ammo	230.530426 -2460.901123 8.627486	-1.315 -0.960 2.821
ttt_random_ammo	717.858887 -1184.735718 -449.644562	0.056 0.000 -0.004
ttt_random_ammo	755.572449 -1184.009521 -449.616058	0.244 0.001 0.239
ttt_random_ammo	673.077515 -1184.897461 -449.619019	0.192 0.001 0.174
ttt_random_ammo	589.732910 -1184.445923 -449.667206	0.046 0.000 -0.028
ttt_random_ammo	629.699341 -1183.262329 -449.607788	0.617 0.005 0.696
ttt_random_ammo	1927.909546 385.811340 -1298.304810	7.294 -1.945 -8.634
ttt_random_ammo	1922.209717 418.366394 -1299.508179	8.753 9.207 -95.536
ttt_random_ammo	1927.947998 429.715515 -1301.656128	9.732 9.996 -94.601
ttt_random_ammo	1941.047852 482.544281 -1305.945679	26.125 -0.233 0.884
ttt_random_ammo	1935.274536 481.231842 -1305.364624	10.557 0.958 1.374
ttt_random_ammo	1913.144043 438.038422 -1302.402100	11.153 2.371 -0.678
ttt_random_ammo	1906.267090 402.958832 -1295.453125	7.363 0.649 -96.366
ttt_random_ammo	1948.604492 408.994476 -1301.862915	7.349 0.648 -96.333
ttt_random_ammo	1954.148804 465.507263 -1309.222290	6.483 -0.814 0.950
ttt_random_ammo	1931.043701 469.723297 -1302.318115	78.268 174.841 177.738
ttt_random_ammo	1886.898315 447.360352 -1297.871216	11.160 -1.294 0.675
ttt_random_ammo	1533.038940 1276.135010 -1166.621948	-0.050 -0.000 -0.016
ttt_random_ammo	1237.066772 850.748230 -1199.619751	-0.152 -0.001 0.124
ttt_random_ammo	1285.843994 850.133057 -1199.639404	-0.064 -0.000 0.007
ttt_random_ammo	1329.809326 850.802185 -1199.587891	-1.133 -0.016 1.324
ttt_random_ammo	1368.557495 851.381714 -1199.629395	-0.092 -0.000 0.046
ttt_random_ammo	1394.000732 870.139832 -1199.681763	-0.048 -0.000 -0.035
ttt_random_ammo	1352.151123 869.333984 -1199.647949	-0.053 -0.000 -0.010
ttt_random_ammo	1310.085205 868.586609 -1199.673950	-0.047 -0.000 -0.032
ttt_random_ammo	1264.325317 868.731140 -1199.538452	-0.803 -0.023 0.954
ttt_random_ammo	1222.078857 869.437378 -1199.627441	-0.101 -0.000 0.057
ttt_random_ammo	1185.014893 869.595398 -1199.684448	-0.048 -0.000 -0.036
ttt_random_ammo	1231.886597 1242.431763 -1199.595459	-0.747 -0.007 0.854
ttt_random_ammo	1197.448853 1242.054199 -1199.521240	-0.554 -0.020 0.672
ttt_random_ammo	1160.438599 1242.094482 -1199.681763	-0.048 -0.000 -0.035
ttt_random_ammo	430.352112 1826.576050 -895.550720	0.958 0.026 1.157
ttt_random_ammo	388.687653 1824.811646 -895.571899	1.397 0.032 1.687
ttt_random_ammo	347.143738 1824.619263 -895.546997	0.890 0.025 1.076
ttt_random_ammo	305.161865 1824.998169 -895.636536	0.071 -0.000 -0.018
ttt_random_ammo	-1768.188354 73.251900 0.394221	0.945 0.011 1.096
ttt_random_ammo	-1734.531006 72.597916 0.349035	0.051 0.000 -0.014
ttt_random_ammo	-1695.540161 71.822342 0.427175	1.501 0.034 1.822
ttt_random_ammo	-1656.588013 71.938530 0.369165	0.091 0.000 0.045
ttt_random_ammo	-1771.978149 99.291832 0.433450	1.347 0.033 1.634
ttt_random_ammo	-1734.535767 99.041000 0.388826	0.406 -0.002 -0.438
ttt_random_ammo	-1695.540405 98.781548 0.444267	1.106 0.028 1.341
ttt_random_ammo	-1656.543213 98.951729 0.314753	0.047 0.000 -0.036
ttt_random_ammo	-1263.993896 689.354797 -127.579384	1.582 0.042 1.915
ttt_random_ammo	-1263.502808 649.867554 -127.672127	0.047 0.000 -0.031
ttt_random_ammo	-1226.541138 649.540100 -127.646637	0.055 0.000 -0.008
ttt_random_ammo	-1226.819580 689.696777 -127.562347	1.202 0.030 1.452
ttt_random_ammo	-782.781433 591.994019 -127.636482	0.072 0.000 0.018
ttt_random_ammo	-782.759460 555.300232 -127.638458	0.067 -0.000 -0.012
ttt_random_ammo	-278.165527 834.902405 -255.634567	0.078 0.000 0.027
ttt_random_ammo	-280.644501 799.018188 -255.644531	0.058 -0.000 0.003
ttt_random_ammo	-314.259003 790.606079 -255.655396	0.049 0.000 -0.019
ttt_random_ammo	-321.457306 820.231201 -255.659988	0.048 0.000 -0.023
ttt_random_ammo	-307.685516 847.668640 -255.605209	1.262 0.019 1.482
ttt_random_ammo	-291.495209 812.468689 -255.662323	0.047 -0.000 0.025
ttt_random_ammo	-346.035309 1186.226440 -367.642456	0.060 -0.000 -0.001
ttt_random_ammo	-326.733490 1185.416870 -367.669586	0.047 -0.000 0.029
ttt_random_ammo	-328.531433 1165.010132 -367.650909	0.051 -0.000 0.014
ttt_random_ammo	-348.113983 1166.072144 -367.622223	0.152 -0.001 -0.123
weapon_zm_rifle	306.645233 -1823.649170 135.125244	3.356 13.311 64.817
weapon_zm_mac10	484.187469 -2273.543457 276.914429	0.093 -44.299 -88.477
ttt_playerspawn	-2418.882080 1754.150269 -46.667267	0.987 0.017 -2.079
ttt_playerspawn	-2425.774414 1649.417358 -41.130062	1.013 -0.973 -4.247
ttt_playerspawn	-2431.959473 1560.332397 -33.739464	1.027 -2.679 -5.323
ttt_playerspawn	-2436.962646 1484.738281 -28.055424	2.806 0.542 -1.817
ttt_playerspawn	-2442.122559 1402.483032 -25.257107	2.952 0.978 -0.548
ttt_playerspawn	-2445.768311 1350.166748 -24.458134	2.896 0.605 -0.763
ttt_playerspawn	-2377.940430 1346.604248 -28.956053	4.281 0.213 0.556
ttt_playerspawn	-2374.167480 1414.112305 -29.063364	3.295 -0.077 -1.309
ttt_playerspawn	-2369.006104 1504.301636 -31.462339	1.975 -2.100 -4.286
ttt_playerspawn	-2362.608398 1593.351563 -38.384876	1.039 -0.772 -3.914
ttt_playerspawn	-2357.984863 1660.753540 -43.151356	0.962 -0.722 -3.956
ttt_playerspawn	-2353.218262 1735.575928 -47.146286	1.055 -0.035 -2.190
ttt_playerspawn	-2265.605469 1809.440674 -51.615395	1.422 -0.101 -1.664
ttt_playerspawn	-2267.661865 1725.875488 -48.485233	1.401 -0.235 -2.287
ttt_playerspawn	-2273.477539 1620.203735 -41.899273	0.943 -0.393 -3.939
ttt_playerspawn	-2276.577881 1522.815186 -35.935261	1.610 -0.867 -3.656
ttt_playerspawn	1912.001343 656.584778 -1242.011963	5.776 -0.128 2.667
ttt_playerspawn	2051.160889 1093.843506 -1226.532593	-1.860 -0.275 5.423
ttt_playerspawn	2253.008789 949.888550 -1228.596191	0.955 0.716 2.883
ttt_playerspawn	2187.832764 756.088745 -1217.287964	3.087 2.673 8.624
ttt_playerspawn	1679.053833 692.844055 -995.153625	-0.038 -0.000 0.038
ttt_playerspawn	1034.274780 -480.555359 -830.421936	0.038 -0.000 -0.031
ttt_playerspawn	1027.194458 -303.394440 -830.452759	-0.064 -0.000 0.064
ttt_playerspawn	782.194153 -572.214661 -567.432983	-0.032 -0.000 0.032
ttt_playerspawn	605.442932 -195.528519 -814.475830	-0.092 -0.000 0.092
ttt_playerspawn	462.852753 663.678467 -958.451294	-0.062 -0.000 0.062
ttt_playerspawn	53.019485 947.939697 -895.451050	-0.050 -0.000 0.050
ttt_playerspawn	39.651970 1441.863037 -759.450989	-0.050 -0.000 0.050
ttt_playerspawn	-69.235939 1447.151001 -759.465881	0.064 0.000 0.064
ttt_playerspawn	-193.164383 2133.375244 -591.402100	-0.157 -0.001 -0.150
ttt_playerspawn	-1060.949219 -1611.297363 0.537726	-0.060 -0.000 0.060
ttt_playerspawn	-925.043274 -1908.511230 256.539185	-0.058 -0.000 0.058
item_ammo_357_ttt	370.839569 -1824.239014 136.391479	0.462 0.054 0.032
item_ammo_357_ttt	358.214233 -1824.350952 136.338562	0.451 0.063 0.053
item_ammo_pistol_ttt	844.365356 -2252.139160 136.422668	0.660 1.859 0.168
item_ammo_pistol_ttt	838.009155 -2252.317627 136.465576	2.047 -0.057 0.451
item_ammo_pistol_ttt	831.865112 -2252.170654 136.444183	1.109 -0.113 -0.004
weapon_zm_molotov	401.589355 -2274.430908 256.163727	-2.145 -1.351 -1.544
weapon_zm_molotov	401.476471 -2254.425781 256.185760	-1.429 -1.452 -1.028
weapon_zm_molotov	401.345825 -2232.767822 256.160675	-2.244 -1.303 -1.615
weapon_zm_molotov	559.243103 -2287.200928 296.440826	12.500 -87.240 -90.298
weapon_zm_molotov	559.897522 -2292.838379 296.709106	-55.518 26.891 -87.954
weapon_zm_molotov	566.995056 -2294.984131 296.857269	10.856 -135.678 73.724
weapon_zm_molotov	-1809.988403 2042.719604 -62.130371	-49.803 -59.837 -86.752
weapon_zm_molotov	-1797.440186 2069.025146 -62.393414	16.858 -44.941 -89.541
weapon_zm_molotov	-1780.095337 2090.449219 -62.135387	-31.059 -59.944 -89.818
weapon_zm_molotov	-1746.651245 2102.663330 -63.807640	-1.371 -1.490 -0.750
weapon_zm_molotov	-1716.453735 2102.694092 -63.831776	-2.248 -1.362 -1.237
weapon_zm_molotov	-1700.234619 2090.289795 -63.811207	-1.499 -1.481 -0.818
weapon_zm_molotov	-1677.840820 2061.192383 -62.395931	21.423 -57.500 -90.371
weapon_zm_molotov	-1675.093994 2036.843018 -62.415928	14.755 -55.772 -91.760
weapon_zm_molotov	-1688.353394 2009.135010 -63.333324	-1.207 -0.884 -3.726
weapon_zm_molotov	-1701.967651 1989.952759 -62.649181	-1.836 -0.750 -4.546
weapon_zm_molotov	-1724.544434 1977.863159 -60.868408	16.223 -54.646 -90.542
weapon_zm_molotov	-1745.703491 1975.345581 -62.397732	-3.270 -1.039 -3.485
weapon_zm_molotov	-1783.594727 1981.204224 -61.306198	18.189 -57.246 -91.298
weapon_zm_molotov	-1798.371704 1986.441040 -61.485718	16.976 -52.932 -90.259
weapon_zm_molotov	-1814.110718 2010.357910 -61.525517	15.241 -55.605 -91.703
weapon_zm_molotov	-1818.794434 2027.193970 -61.782310	20.587 -50.274 -91.070
weapon_zm_molotov	-1831.700317 2055.012939 -62.325405	21.728 -58.697 -89.003
weapon_zm_molotov	-1831.782593 2081.359375 -62.252819	-51.121 -66.863 -86.852
weapon_zm_molotov	-1802.501953 2091.873535 -63.806839	-0.996 -1.508 -0.978
weapon_zm_molotov	-1780.477295 2114.714355 -63.803398	-1.216 -1.496 -0.665
weapon_zm_molotov	-1748.706421 2120.722900 -63.819263	-1.797 -1.448 -0.982
weapon_zm_molotov	-1710.046875 2119.135254 -63.798351	-1.031 -1.504 -0.564
weapon_zm_molotov	-1691.303101 2105.455566 -63.848366	-2.865 -1.205 -1.567
weapon_zm_molotov	-1656.373901 2082.874268 -63.309155	20.363 -55.587 -93.872
weapon_zm_molotov	-1647.268555 2064.500488 -63.018147	21.073 -38.171 -93.591
weapon_zm_molotov	-1646.939453 2040.230591 -62.900387	20.928 -54.018 -91.368
weapon_zm_molotov	-1665.685181 2007.148926 -63.183529	-1.502 -0.824 -3.957
weapon_zm_molotov	-1679.098022 1988.524536 -62.459949	-1.284 -0.864 -3.853
weapon_zm_molotov	-1710.176636 1964.045166 -60.316784	20.110 -53.813 -90.640
weapon_zm_molotov	-1729.992188 1951.967773 -61.205505	-4.650 -0.164 -4.572
weapon_zm_molotov	-1754.528809 1950.773071 -61.528652	-3.605 -0.311 -4.073
weapon_zm_molotov	-1779.543945 1978.394043 -61.230053	18.251 -48.925 -92.078
weapon_zm_molotov	-1031.023560 -1785.933594 1.695329	18.729 41.475 -90.704
weapon_zm_molotov	-1002.497681 -1980.233887 256.184479	-2.053 -0.981 -0.687
weapon_zm_molotov	367.699341 2080.448242 -748.274475	21.336 -21.437 -89.499
weapon_zm_molotov	366.308197 2061.588623 -749.723328	-0.988 -1.546 -1.004
weapon_zm_molotov	378.208679 2065.563232 -749.714539	-0.801 -1.558 -0.813
weapon_zm_molotov	379.101410 2073.535645 -749.748535	-1.525 -1.456 -1.553
weapon_zm_molotov	374.956757 2072.246094 -748.212280	18.862 16.787 -90.598
weapon_zm_molotov	380.710236 2081.959473 -748.136780	-48.939 -76.265 -86.209
weapon_zm_molotov	-266.379028 2052.421143 -591.827332	-1.619 -1.327 -1.485
weapon_zm_molotov	-7.431629 1381.132080 -758.231445	-47.693 38.304 -86.141
weapon_zm_molotov	-20.169943 1381.099854 -758.243835	-50.556 37.091 -86.535
weapon_zm_molotov	-9.671722 1379.270264 -757.861328	-28.597 -80.794 87.820
weapon_zm_molotov	-17.208500 1383.273071 -758.112366	-31.739 -16.392 -90.212
weapon_zm_molotov	7.765895 938.420288 -893.914856	-25.717 -149.546 87.299
weapon_zm_molotov	591.650696 -252.588516 -812.633728	-50.678 77.574 89.909
weapon_ttt_confgrenade	-1300.938599 1463.930786 2.148745	-36.557 -49.437 -91.257
weapon_ttt_confgrenade	-1301.192505 1430.637573 2.301488	-38.043 -42.600 -95.062
weapon_ttt_confgrenade	-1302.434082 1404.016846 2.179313	-37.024 -48.964 -91.999
weapon_ttt_confgrenade	-1303.446411 1367.972046 2.091468	-35.682 -50.240 -89.910
weapon_ttt_confgrenade	-1297.075684 1455.314209 2.289014	10.983 -23.734 -93.479
weapon_ttt_confgrenade	-1295.114380 1428.000977 2.249952	17.245 9.256 93.120
weapon_ttt_confgrenade	-1299.166870 1397.039917 2.275261	-38.488 -62.524 -94.436
weapon_ttt_confgrenade	-1297.613892 1365.483398 2.127854	-37.363 -51.766 -91.068
weapon_ttt_confgrenade	-1294.260742 1466.857666 2.441586	2.017 -57.132 -95.326
weapon_ttt_confgrenade	-1294.567383 1439.295776 2.138685	-37.425 -70.614 -91.302
weapon_ttt_confgrenade	-1293.998047 1409.841431 2.426627	-82.704 13.414 157.357
weapon_ttt_confgrenade	-1292.797119 1364.145752 2.431656	39.227 64.428 92.054
weapon_ttt_confgrenade	-1291.316772 1461.413574 2.368941	35.478 -30.735 -93.158
weapon_ttt_confgrenade	-1288.596191 1435.552612 2.334397	-85.066 2.406 167.173
weapon_ttt_confgrenade	-1292.731812 1400.023926 2.030920	-37.971 -64.503 -89.307
weapon_ttt_confgrenade	-1288.693848 1368.415405 2.207596	17.138 -49.585 -92.268
weapon_ttt_confgrenade	-1045.694824 -1787.275146 2.126931	13.380 -42.092 -90.275
weapon_ttt_confgrenade	-1006.631409 -1971.458008 258.252625	12.906 -32.513 -92.431
weapon_ttt_confgrenade	493.558807 1749.994873 -859.811951	13.183 -0.473 94.352
weapon_ttt_confgrenade	483.638763 1752.612915 -859.665100	39.767 167.508 -94.751
weapon_ttt_confgrenade	490.795471 1748.279907 -859.921692	-85.919 -168.022 179.056
weapon_ttt_confgrenade	-168.114899 2142.992188 -589.453796	8.859 68.186 -98.300
weapon_ttt_confgrenade	10.100618 931.908997 -892.978943	12.382 -12.867 -105.931
weapon_ttt_confgrenade	594.193237 -249.755157 -812.763611	-38.130 -60.674 -93.755
item_ammo_revolver_ttt	-969.996033 -1711.056519 291.204956	-0.774 0.518 0.012
sent_soccerball	699.633911 -2272.150635 257.024475	-0.400 -8.907 -83.457
sent_soccerball	-2143.664063 1593.386841 -41.732033	0.347 -7.626 -85.745
sent_soccerball	-2637.279053 1107.597900 -14.830147	-5.098 0.022 93.702
nothing	-2326.605469 1910.117920 -55.169701	19.506 -5.152 1.536
weapon_zm_revolver	-965.524841 -1714.313965 291.626556	1.899 -26.297 -84.305
weapon_zm_ak47	-1702.272461 315.366852 -417.327820	3.420 37.599 93.001
weapon_zm_ak47	1615.107666 735.214233 -994.765991	0.401 -37.152 -89.528
weapon_zm_ak47	-120.984871 1463.064819 -319.106323	-0.035 43.736 89.341
weapon_zm_ak47	-1167.819946 1590.256226 128.921051	0.700 -37.193 -89.323
